0.045295
0.045267
0.045239
0.045211
0.045184
0.045156
0.045128
0.045101
0.045074
0.045046
0.045019
0.044992
0.044965
0.044938
0.044911
0.044885
0.044858
0.044831
0.044805
0.044779
0.044752
0.044726
0.044700
0.044674
0.044648
0.044622
0.044596
0.044571
0.044545
0.044519
0.044494
0.044469
0.044443
0.044418
0.044393
0.044368
0.044343
0.044318
0.044293
0.044268
0.044244
0.044219
0.044195
0.044170
0.044146
0.044121
0.044097
0.044073
0.044049
0.044025
0.044001
0.043977
0.043953
0.043930
0.043906
0.043882
0.043859
0.043835
0.043812
0.043789
0.043765
0.043742
0.043719
0.043696
0.043673
0.043650
0.043627
0.043605
0.043582
0.043559
0.043537
0.043514
0.043492
0.043469
0.043447
0.043425
0.043403
0.043380
0.043358
0.043336
0.043314
0.043293
0.043271
0.043249
0.043227
0.043206
0.043184
0.043162
0.043141
0.043120
0.043098
0.043077
0.043056
0.043035
0.043013
0.042992
0.042971
0.042950
0.042930
0.042909
0.042888
0.042867
0.042847
0.042826
0.042805
0.042785
0.042764
0.042744
0.042724
0.042703
0.042683
0.042663
0.042643
0.042623
0.042603
0.042583
0.042563
0.042543
0.042523
0.042504
0.042484
0.042464
0.042445
0.042425
0.042406
0.042386
0.042367
0.042347
0.042328
0.042309
0.042290
0.042270
0.042251
0.042213
0.042194
0.042175
0.042156
0.042137
0.042119
0.042100
0.042081
0.042062
0.042044
0.042025
0.042007
0.041988
0.041970
0.041951
0.041933
0.041915
0.041896
0.041878
0.041860
0.041842
0.041824
0.041806
0.041788
0.041770
0.041752
0.041734
0.041716
0.041698
0.041681
0.041663
